
6
[0, 2, 4, 8, 10, 13, 15, 16, 18, 20, 23, 24, 26, 32, 34, 40, 41, 42, 45, 47, 48, 50, 56, 57, 58, 60, 61]
1

Step 1:
(0, 2), 0000-0
(0, 4), 000-00
(0, 8), 00-000
(0, 16), 0-0000
(0, 32), -00000
(2, 10), 00-010
(2, 18), 0-0010
(2, 34), -00010
(4, 20), 0-0100
(8, 10), 0010-0
(8, 24), 0-1000
(8, 40), -01000
(10, 26), 0-1010
(10, 42), -01010
(13, 15), 0011-1
(13, 45), -01101
(15, 47), -01111
(16, 18), 0100-0
(16, 20), 010-00
(16, 24), 01-000
(16, 48), -10000
(18, 26), 01-010
(18, 50), -10010
(24, 26), 0110-0
(24, 56), -11000
(26, 58), -11010
(32, 34), 1000-0
(32, 40), 10-000
(32, 48), 1-0000
(34, 42), 10-010
(34, 50), 1-0010
(40, 41), 10100-
(40, 42), 1010-0
(40, 56), 1-1000
(41, 45), 101-01
(41, 57), 1-1001
(42, 58), 1-1010
(45, 47), 1011-1
(45, 61), 1-1101
(48, 50), 1100-0
(48, 56), 11-000
(50, 58), 11-010
(56, 57), 11100-
(56, 58), 1110-0
(56, 60), 111-00
(57, 61), 111-01
(60, 61), 11110-
(23,), 010111

Step 2:
(0, 2, 8, 10), 00-0-0
(0, 2, 16, 18), 0-00-0
(0, 2, 32, 34), -000-0
(0, 4, 16, 20), 0-0-00
(0, 8, 16, 24), 0--000
(0, 8, 32, 40), -0-000
(0, 16, 32, 48), --0000
(2, 10, 18, 26), 0--010
(2, 10, 34, 42), -0-010
(2, 18, 34, 50), --0010
(8, 10, 24, 26), 0-10-0
(8, 10, 40, 42), -010-0
(8, 24, 40, 56), --1000
(10, 26, 42, 58), --1010
(13, 15, 45, 47), -011-1
(16, 18, 24, 26), 01-0-0
(16, 18, 48, 50), -100-0
(16, 24, 48, 56), -1-000
(18, 26, 50, 58), -1-010
(24, 26, 56, 58), -110-0
(32, 34, 40, 42), 10-0-0
(32, 34, 48, 50), 1-00-0
(32, 40, 48, 56), 1--000
(34, 42, 50, 58), 1--010
(40, 41, 56, 57), 1-100-
(40, 42, 56, 58), 1-10-0
(41, 45, 57, 61), 1-1-01
(48, 50, 56, 58), 11-0-0
(56, 57, 60, 61), 111-0-
(23,), 010111

Step 3:
(0, 2, 8, 10, 16, 18, 24, 26), 0--0-0
(0, 2, 8, 10, 32, 34, 40, 42), -0-0-0
(0, 2, 16, 18, 32, 34, 48, 50), --00-0
(0, 8, 16, 24, 32, 40, 48, 56), ---000
(2, 10, 18, 26, 34, 42, 50, 58), ---010
(8, 10, 24, 26, 40, 42, 56, 58), --10-0
(16, 18, 24, 26, 48, 50, 56, 58), -1-0-0
(32, 34, 40, 42, 48, 50, 56, 58), 1--0-0
(0, 4, 16, 20), 0-0-00
(13, 15, 45, 47), -011-1
(40, 41, 56, 57), 1-100-
(41, 45, 57, 61), 1-1-01
(56, 57, 60, 61), 111-0-
(23,), 010111

Step 4:
(0, 2, 8, 10, 16, 18, 24, 26, 32, 34, 40, 42, 48, 50, 56, 58), ---0-0
(0, 4, 16, 20), 0-0-00
(13, 15, 45, 47), -011-1
(40, 41, 56, 57), 1-100-
(41, 45, 57, 61), 1-1-01
(56, 57, 60, 61), 111-0-
(23,), 010111

Final Result : Y = df+acef+bCDF+aBcDEF+ABCe+ACde

Check it yourself ... ^-^ No one and nothing is perfect